Id,SalePrice
2658,176662.9308766096
2718,211541.73697225502
2414,163744.92611448423
1989,177252.44373047023
625,174659.80797029403
333,154192.34712939413
1327,161114.60044431838
858,159356.45769783968
95,157558.38161598923
1568,191816.2434440961
2482,168115.25220282192
1364,158195.98928823357
2584,195524.3327613082
818,256329.6949632055
2673,198635.90699286552
2089,159005.93186219584
1297,178881.49589038227
790,175756.3813339164
2616,201584.5050173282
720,190401.34996400232
222,189973.38722195895
557,178100.74021420476
1148,175026.32479940754
2766,183602.39540813156
534,176106.36417697027
1452,170732.76883040997
630,175303.15112933525
2648,166846.8026827789
125,157970.99711215423
1904,123541.97007096969
1670,155160.40871834656
756,160864.47416116798
717,207305.70108526104
1032,162789.56408082333
852,197213.89050817027
1731,163371.56220120972
2639,188345.5164497943
2071,151709.5504144554
1267,171465.03119802746
1851,175508.61300141446
567,144955.05837399073
2439,202635.96679424157
1898,174988.9538662787
647,190543.90734570572
2256,212059.26986397084
979,167060.1104616697
1444,190042.14567891054
2485,177481.01587413438
157,153810.9459010867
88,175086.08096394292
2003,164638.1656416806
186,161459.99257861893
1425,181343.2023865575
2695,165233.41732685815
738,181941.12767841088
395,151484.29014696163
1353,164142.01076720943
1878,188503.42363593917
390,183881.78724589225
1456,197919.81151171098
1103,231013.67561778438
1387,185248.56308787057
2070,195907.42176575455
1199,158375.05821226764
2479,178666.17472248324
501,215387.9061948057
2362,145931.28733321038
1718,169058.12177013356
2188,149537.51239011268
1483,170508.7753404119
2557,133969.52758534034
437,211223.23946237404
2224,185594.62321568577
1628,181674.83127240863
397,178504.06608954142
587,182023.15656604353
2182,308441.6463734184
971,196129.96289118868
2611,158380.2567116799
1887,127022.66482285695
2399,226041.97259742487
2148,171310.21525563495
304,170200.91336136704
1997,171703.42117580888
2817,156923.57013151026
1431,166814.87698813743
427,218378.5707990477
263,169331.07620536617
598,178933.17114059787
2895,227907.51318858055
687,164236.07617362853
1822,166067.39382124777
2191,161638.86579624005
179,168441.32951199176
1009,166270.8789954996
2010,169172.86151971403
1991,177222.1940369672
1411,214339.3517269143
1721,166432.82767703407
1144,180977.08256345298
593,176893.37253829045
575,192864.41897801173
1249,185313.92594691456
1604,184894.8900812479
1064,241222.16467805073
1923,164037.63586730396
1988,143578.5831736627
2325,189179.41602141623
114,188925.82561003702
2700,205038.50046252928
217,197214.4667824545
343,192328.0986305279
386,188812.45811202432
2005,155836.8577516081
2908,185027.56763337227
1814,184102.43377783557
2446,288157.71834803413
208,196179.2422711096
1679,169419.23785646824
822,197653.12751320074
6,188543.9102522418
1781,234687.78982147257
2397,201681.3712122304
2340,203760.64462322593
1618,177713.08240823884
2843,182587.2163389951
1061,216708.21107780485
2786,160932.9213636649
1935,160626.43222902267
1341,183545.94353357397
521,183950.4088463624
2136,181149.57915375166
996,209923.9281180742
227,186511.2794706207
135,177170.10941748525
1167,168982.88234689992
294,222539.92214255256
1776,176055.08739677648
540,175782.52800833533
1717,170511.19091448057
2303,176833.93888541774
116,188357.59226132993
127,170896.64606786577
1371,153881.7030448994
1014,196644.6201583069
1507,127242.57073216012
702,199190.7452457425
750,186166.9039713829
261,159437.2154651904
1559,125941.15430308996
577,175218.38182164443
2812,171172.65103877144
2080,158832.13294426876
1368,153392.0310955367
2376,175479.6167203869
659,173078.63322388168
1235,192571.5985707329
332,144231.99273025242
1917,146596.42873811082
2094,200520.71175472424
1460,206300.36557460908
1471,205609.9341390067
1509,157509.2131099969
1922,171057.30061151527
433,255925.51808855654
460,187439.3067091619
1116,188502.49331233217
1137,179642.98453134613
53,180116.89067405375
2354,187981.08085888252
1475,177639.51870027377
1761,294535.39187210216
842,162641.3971161052
2739,196522.67741257555
2509,144255.20736605863
1007,196446.79182734698
2610,158514.88061626852
1952,155186.0706437961
2719,211336.40106134838
2921,152488.10115010478
1966,176593.44082438864
292,154359.59951305727
1204,174930.683397139
1829,198756.87323245412
2419,182283.66460108728
391,183888.71532699274
798,165383.66693728627
481,182035.72594360696
193,185562.933614014
555,172163.36428169615
899,136085.00415615668
2357,186233.49004333414
328,160045.40687003633
1356,155718.3432417206
1154,186374.22566091435
1730,181560.59444342664
2249,177316.87556646834
1119,215048.86396701538
2856,174545.6960648343
1394,166238.45429510935
2587,157524.31779122681
61,241893.95687598022
2661,222858.1315991586
2711,169593.70436429896
1147,181802.2441185252
757,162219.66319812633
2623,129087.78961555225
2378,167116.80778636324
1413,174360.08685144212
1722,160909.88036160334
1112,191959.06252144734
1623,206885.3664661559
1201,205538.79228489497
1513,161075.04138880482
957,244340.22926600405
1171,185927.12851113087
1145,187103.38986317173
2726,188380.34588184202
703,145289.63234381448
760,136357.70895967179
1964,175558.8446974416
2512,175226.48555984674
159,161858.70054705313
1281,200145.79032565994
468,165820.06017617398
290,149746.26991022268
665,160598.18098048208
1463,196854.39496557822
1792,182216.99859622627
923,172432.7292449999
500,217172.93753245668
1408,190194.83314995744
331,128065.86244534887
170,211921.60706912066
2192,151170.72758428295
2571,213662.83025040926
2314,194442.83483450406
2647,158168.88278439041
422,250356.19807745388
2457,219501.73825835637
1838,155636.7210447345
2805,189709.07564315913
1645,183280.44466139018
1711,213752.7055394875
2825,191277.15243187896
322,212566.0894285457
2103,185142.37063520687
342,131844.17969885113
600,170641.1155032938
488,196689.51197972905
1725,195129.195297964
2246,211671.07401492578
2847,159712.19243659236
806,202342.79381788595
530,180534.05987150501
963,185633.58257125263
2678,174145.9457959743
171,150441.7200214927
2401,247314.37437590765
805,194102.31708187363
2259,210583.62757396456
1748,176465.45639534036
1361,168636.43698987545
1677,153480.8310054135
1406,172645.81618591878
2322,166755.12337380787
688,177452.77589083865
143,161300.27421789037
804,213451.98082412896
1214,173353.11505805838
2828,172072.76350132443
1999,205445.17539610638
2467,155081.77793636554
2665,182632.22848033946
1538,230632.60569261655
398,165412.19177260983
2822,175561.0270484832
2157,159430.59397603435
1856,206564.06341381196
1269,142656.35361359848
2570,155418.1689638241
2320,182727.16166597008
1517,171490.5143106449
2304,167329.35192982526
1312,149665.45175211562
2012,158444.5991510825
506,188971.92923639822
2865,207966.5104003574
2367,133667.064704145
554,172523.61095166157
238,173161.985562702
1954,162635.2582609251
2488,149530.7947319724
2291,167430.97130186856
1969,131064.39792740866
2725,194733.6052732552
1482,167494.9854123374
2763,175020.9165273268
503,212207.34451851074
1584,212849.64158397054
1531,202806.1822128525
2210,180842.31972286553
459,207705.75671996194
556,187315.75028420976
1347,206756.59833803205
1290,138185.48795397926
1388,177130.2509390163
1571,234711.27028314763
2754,162058.8275582366
765,174795.71068693072
2494,181557.01381151
2870,217332.90865843886
7,178973.340614307
1114,192784.7518823202
2418,202216.22121242943
291,152525.4775014141
18,227905.8786549102
39,225632.2702210632
1001,189328.00843944305
2442,202171.47706667247
616,169348.51045752715
2680,115993.74785214385
1414,172331.37587952966
289,172490.02802771
40,183223.5607210043
860,161835.7011464412
409,153037.10467898683
673,179934.54750161638
2427,172690.04326851104
2036,186028.9991265389
2564,172904.41068413976
642,220459.12627762096
1008,186734.6288668974
1908,191252.54393428628
2519,183301.03780222504
1369,159689.6669942725
2855,186732.1533201004
712,154940.53373026653
1943,145246.09025565232
1958,140748.916955492
107,159744.01971053582
2295,214678.43581078906
704,156031.60308479314
676,159570.9158709696
259,172185.4151587508
93,211998.34293221077
106,193807.51034514187
2315,189918.2419632723
1050,157714.23688477208
1095,182281.54732356974
2709,214817.27647026448
758,168040.98852277116
1496,197736.37176568998
2370,150619.87224526293
2458,203957.24002323588
2733,161098.50996299242
161,224191.35025868105
726,166971.4688486108
845,176451.14112257538
947,216359.27256495206
2232,161229.94869903725
2563,163469.41556975443
2299,215636.23909780334
211,174372.41795886814
605,207134.9565711984
1478,174437.24190953898
2247,203758.1480654682
2274,230861.0272700629
2869,202602.47060334327
967,183991.0673081242
2656,187176.93572833683
667,196545.74161446915
1042,150922.0392900701
2023,172534.5086019005
2447,228656.00370983465
2055,151949.0801316817
2275,191797.927077028
2204,181624.60615585648
1563,210303.2474739876
483,178259.11563370714
796,170513.48950095184
1526,185715.4511157877
2042,190004.72897751845
442,211456.88041021983
1693,212979.44429160995
1468,203897.03885283222
1430,157736.68993644736
2605,178926.9747474235
1529,163224.89822136497
335,192149.79189210685
1287,191810.16336682
31,157211.28534447873
1785,218292.51998527066
82,203195.58265967524
2620,164990.90632292596
252,166068.25536639456
721,153291.567827915
2165,176129.88236359262
2316,192981.67435351585
775,190331.58516441874
1558,159638.27839344204
17,174074.62498695395
1022,194187.74502530668
925,195682.39159526353
438,189827.93616961117
1270,186322.85603771347
1272,152353.07014180403
215,196696.91435859876
266,204021.71170547325
2402,192936.43406430862
1250,172383.9004745636
1984,188569.6973381269
1279,162854.01951994243
377,199842.8418766016
1252,187996.68085023033
2156,209454.07143892517
499,249504.57852731223
1374,182327.75362512306
2898,188107.31951914716
401,151277.35927481152
2721,211237.69103421835
2078,187485.1740190676
2589,154863.46310974576
1946,216776.01399750035
1334,183996.59896770533
2781,209878.46289106802
431,227000.0541722186
576,182722.23745321497
1474,181943.48080468018
2254,170693.6747301599
2155,228598.59003561334
885,127867.50302731173
643,170431.81444594634
1944,159483.48376078432
480,182909.0153920131
2845,151251.0790418391
2387,202810.73222626897
2407,159712.91107869425
2527,189200.40607816452
2514,143787.30305031812
629,179790.14137747043
80,181872.7632211115
1876,170691.60946257666
1546,144578.79290192144
2518,183885.82537639275
2347,173384.30386995463
783,179341.10055355736
1322,166382.49357950702
194,166550.32677148448
1770,228695.71196385607
2143,164797.03789008074
1229,192585.8153202342
511,190818.02487651454
46,170515.20416859558
1348,204590.52419384895
2465,159850.2604303757
387,180361.6410002551
873,202682.90516100044
1918,160538.10118011798
2764,209405.86167435235
2184,164322.6753665554
934,166365.5417090527
1920,164071.09711914236
2631,171172.43197855074
1768,279896.588214364
2040,162091.3873938205
1749,182654.12260070854
834,194448.86293413324
1457,198971.18658546507
79,158695.0584616944
2302,183466.0967803041
1817,161467.6442068604
2755,192843.10469231423
359,191008.63606320097
2059,166282.31773205634
2092,211231.61520557766
2516,182417.52241353213
150,154198.45320618377
1656,192627.63462480932
83,180840.44209763958
2411,179618.65720249884
795,134417.60823834984
2312,198744.7061576745
2917,138206.47303674166
1624,171636.33376989004
2215,192168.1488405807
1211,160521.6377046176
1485,166380.1163568861
1024,191505.6394677703
570,169698.01410896028
2874,173254.67014474375
700,196108.51919667335
2756,174242.09972833117
2022,179553.50379686913
583,196420.11931563544
2392,229057.87374553422
2424,202592.75551009754
212,188148.63557217264
736,178037.17319916273
1610,199569.758476325
890,168400.3520279854
467,177417.3004590225
578,192960.35226093215
1747,180745.49383925967
1149,166081.63063764872
2758,206810.05226997167
857,177792.14832976204
2219,207392.31580118006
733,172288.05560796417
2909,164239.31306345572
1798,184123.68391503766
235,167426.54192913914
2366,152715.26032278792
1027,153453.55513764932
1195,182688.4670579308
1303,160314.6131168899
148,186919.25177143753
608,187895.04951561225
2515,197506.42008421465
821,197737.32484577608
2500,226259.4595520408
745,165008.70552666002
741,186536.34238460736
1611,208873.1004605378
2532,176334.51041607757
1081,208737.52600456806
1692,241320.91659221047
2520,170196.5053007874
276,155704.77949821416
1992,172263.44777764913
663,116862.17488166186
418,156213.0394725063
1733,176637.6650791855
2359,178982.19089997758
253,161785.33850682314
1518,190177.46659365244
2035,154311.8797627557
2919,144971.14937818306
1540,193954.2341643573
2120,172191.39631500014
1674,184302.89466678706
256,170879.48692499398
2361,155591.25086575357
978,157797.08488683865
2280,174902.14525280264
2095,220551.11747683934
1709,212859.2943681225
2801,198928.21925740186
1246,145850.1719766151
2373,151513.4672689263
1055,224674.21789144468
2017,177587.6173223145
1099,233524.3065300241
1344,120083.16060029299
835,179731.5374495191
1117,176294.23389423604
2043,152599.85583305112
2085,153914.72291304372
410,163762.38664991068
2650,167003.28068575222
2867,190008.24432095478
1668,149902.08377076586
1161,143844.27520526384
2122,147758.18245513178
2539,190566.44971709585
1047,164749.79002540983
1445,168912.13066268282
541,165195.2959505566
569,194652.80672711215
1276,129236.81169820187
918,180113.14037921163
326,205123.26034658862
1936,159218.7335634435
895,137483.9306659492
257,166916.51109336814
1241,181875.02289116482
1545,157148.84118601732
1189,169929.79554644274
270,154660.1046759169
2066,225686.5679832616
693,168420.1393294524
1259,206817.73142283104
2916,205517.67281161874
2321,209689.22204630848
1977,135658.5396159654
1895,172102.41573923797
1240,187046.8875804119
85,179245.30097744727
1823,172332.273583509
825,213185.2941640351
110,179631.00630896867
697,173878.76179462572
2297,170056.04741067084
1231,175398.19196502157
1355,164549.18936851688
968,219567.14558302792
584,186781.31956181658
1315,166537.94067922514
1606,176040.48309694938
206,148413.7679987843
1685,220809.4485834662
2016,199172.84938533988
869,173549.94972047853
2135,157454.0316034038
2346,203649.18241888614
2430,206506.96444010508
2198,176283.0450846635
2652,188798.88433034552
27,166205.89477973164
241,160236.9546702506
906,174493.34494503835
1506,156098.75012077377
2098,247733.67407316668
1435,191938.19083714217
2213,141672.25109773828
1274,158839.614563532
743,138464.9161957925
1737,176879.76757896045
2797,220485.72780803905
2185,127527.15798498678
58,190533.25807257212
830,169702.8762781835
808,150647.3348922472
680,161752.71135864942
1153,164043.31114775164
1291,187918.75939716696
1818,203416.72469572123
2161,165023.90919872766
1883,170969.8378803416
350,206596.6297313462
2473,155387.84544565654
295,199254.47984917666
293,181886.2840727477
859,156172.15982639784
288,157042.12264630213
1578,172138.897624442
102,175327.06414185854
2831,164491.61725274858
1030,177199.09567119682
2551,190281.33140861767
1286,182112.42787166176
958,201591.65975591002
776,190236.43353039742
72,185342.0340162257
2263,186812.56399628235
1866,172230.86227970803
2876,142290.35459067315
2146,188673.88086687337
103,172217.6307809419
1500,163782.06256781553
492,190492.95467684325
167,149401.72250768897
2597,147363.92592945087
2685,162865.8991046501
1035,166971.6399806834
1220,139407.2219543787
2602,160552.22157550248
2159,180241.72265011066
695,180649.20882947542
1109,207766.340418058
640,214101.58226110545
1652,190419.28287846467
2090,186451.85318150697
1188,192460.1186977984
2345,213858.50056708924
1059,245645.8807740355
2751,184032.5810293865
128,193917.84441313884
1523,208062.65241700556
2925,223136.9047825941
2145,217501.04795725062
1121,174017.8862831749
566,199005.80645179632
565,212261.9865551906
1331,186079.92239706678
2928,183152.57673849617
156,181169.94107783656
797,186160.8000510907
327,150120.53016603008
2859,164996.49717578618
1453,161606.15865218634
1762,250968.31524989428
1868,195199.66775535385
1760,189845.39800037048
1113,187140.3234097191
1812,179329.35228475797
117,168062.65479757474
1142,195658.38287192944
2342,229547.33638343442
927,190502.04095123624
2478,189946.73195246424
655,158469.21201528265
2064,169053.0332127697
369,194377.88867887727
2239,162457.04648766242
2732,177025.46882599365
1653,173514.64880517725
959,167905.04742160672
2395,221123.2458363608
1412,159378.39236768216
271,205874.60234282212
1484,164981.734599822
1497,175180.4195124321
552,186419.871497097
2,163721.92580406272
1855,223284.6766564611
4,228733.55352315065
2292,197189.35733079122
134,170342.58365736125
646,183096.62884479394
42,218089.59698676466
532,177808.51463470503
713,168260.00974648158
2561,161586.1567647396
2360,152805.5693862156
1333,150838.02382717642
1407,221775.1177569058
2892,218432.0148093968
574,177793.5942772076
1227,191962.91584433775
2591,199341.8951636656
1476,196038.67911768294
1125,201420.29124721995
1446,176692.84789871742
408,174828.1131258258
1101,217391.93875347474
2251,212567.9807884118
373,208797.49148380067
2554,175027.82607972695
2382,197403.98311038403
1985,162041.92666782468
519,175107.8466319121
1093,206236.64838700657
864,182446.30126447673
2889,186095.4128661115
2308,215146.3210292843
986,196177.09188940574
1302,183869.53682207764
585,169707.28093857688
2708,176479.76753246612
147,174992.9857540059
1441,192316.2698446429
383,213026.67552584538
285,181135.62636724586
181,175791.5348651683
358,183147.12935052486
780,225767.2096605249
258,190696.28732554227
1865,205246.9525838594
692,147519.84343463054
2902,220731.28705692556
508,189363.28735667546
2638,172958.90636398166
36,180958.43149124616
611,176685.0178338912
2281,198724.58636692923
1678,145221.04704930383
1696,251459.6595592292
1557,147601.7526887166
2180,174394.27376081652
1726,186489.25706410085
951,193559.71324156638
267,205254.54716691826
2706,193232.2510895123
2221,233468.33803931536
1357,190957.57321881625
2901,202285.59090859207
347,192258.36542288144
2164,170752.01406517456
1586,229532.8824559332
360,181225.75596395083
1769,210045.63182952144
2617,157754.79363011647
1879,186972.43498299748
991,186551.2409890683
1535,176786.23144519678
1191,174985.2576290869
1579,176831.84005372797
1882,155207.89165994164
1510,175077.1474677505
2196,230493.01572688422
1845,175588.70536986733
2336,232920.0898050935
942,185500.53415837718
861,156942.98672967218
2555,158119.4280137113
1392,203060.17033933706
2099,194213.69605626093
1543,163892.45920804003
948,199524.75673515114
1239,178913.35685362745
22,186061.83755693893
2796,199759.18221400128
2747,208885.02047168434
92,205047.42441967363
210,185913.38090167646
1858,185191.75314746
2228,153794.5790665858
447,174329.37861177023
827,187546.99678724734
1649,214085.1548555073
682,171950.18885146274
2698,154156.32109945948
494,186296.08943075352
214,169626.84422678183
2441,198565.4114012557
2679,172767.75317521923
1336,156402.6624951407
465,164937.190098661
1524,172859.5937894702
2543,159322.7574755126
631,175637.22063607295
2452,224856.00754380864
228,207594.64364216395
126,211558.7441535987
1092,173078.8186148188
1122,172410.2266260895
932,202018.96826921694
1980,182602.3723596191
2171,167744.57460647638
551,175351.80911317686
2768,157197.3938110842
2056,151474.8384950322
1159,239220.31324409705
2645,183650.61180989345
1174,168541.1809007302
2266,174054.27450309257
2462,222965.88086432382
1219,156514.93839345188
2922,200853.11565654597
118,193883.94928290287
474,166429.7885569393
2576,181036.16467763667
872,214784.49110138588
1077,180169.4581019662
1536,188490.1007958274
1150,186245.7745679607
2341,223227.32449531995
1931,158130.77745614963
2785,171652.54517844337
2538,156679.46176099245
597,203282.14646311785
464,157054.4821106739
233,191341.60854595026
2169,167210.92483831753
2123,160684.56744742862
1867,192871.88569003093
137,205060.2059791707
515,195113.34193028457
933,163661.9560595963
2784,183448.87798234716
972,210765.75997011567
599,158711.53035755732
2614,152691.56429216458
2582,184875.26481275234
1409,188438.6157823353
175,157041.4240461878
352,184686.688606913
976,149383.66683948933
2134,173898.6896667462
984,163470.0145659197
2396,214771.81439872098
1673,154561.44900220222
404,160274.17890840807
607,192875.48655115764
814,204048.34230487124
868,167755.01063084087
2271,195672.62084575565
1633,165813.60610338888
337,226863.36406856784
2765,187905.1729280601
1746,213715.34135850688
368,225553.89418096212
2806,171617.96609606541
1662,199302.24670578464
1234,183563.88955888886
1373,184432.84389683345
1672,169676.7783696761
1939,172541.13927295548
